3 29
3 33
3 21
3 5
3 8
3 48
5 29
5 33
5 21
5 8
5 48
5 6
5 26
6 33
6 26
6 8
6 48
8 29
8 33
8 21
8 48
8 26
21 29
21 33
21 53
21 48
21 28
21 52
26 33
26 48
29 33
29 48
33 48
33 49
33 56
44 67
44 62
44 82
44 83
44 53
44 48
44 52
49 82
49 86
56 82
62 78
62 67
62 82
62 84
62 85
62 65
62 86
62 87
65 67
65 82
67 82
67 83
67 85
67 87
78 82
78 84
82 139
82 92
82 135
82 147
82 129
82 144
82 137
82 142
82 130
82 146
82 132
82 140
82 125
82 134
82 136
82 148
82 133
82 123
82 138
82 141
82 145
92 212
92 218
92 230
92 225
92 209
92 222
92 215
92 205
92 229
92 219
92 217
92 204
92 203
92 211
92 216
92 202
92 213
92 214
92 220
92 228
92 207
92 208
123 138
125 148
129 147
130 146
133 145
133 144
135 139
136 140
137 141
137 142
140 176
142 184
144 165
145 163
146 161
147 159
148 157
202 216
203 217
204 230
205 229
207 228
209 225
212 218
213 219
214 220
215 222
248 250
1 3
1 8
1 2
2 3
2 8
28 29
28 42
28 40
28 41
40 67
41 44
41 67
41 65
41 48
42 49
42 44
42 82
42 56
42 53
42 48
42 52
48 78
53 78
52 53
