33 60
33 46
33 73
34 60
34 61
34 73
35 61
35 62
35 73
36 63
36 62
36 73
37 63
37 64
37 73
38 65
38 64
38 73
39 65
39 73
39 66
40 73
40 66
40 67
41 68
41 73
41 67
43 68
43 73
46 73
60 73
61 73
62 73
63 73
64 73
65 73
66 73
67 73
68 73
73 74
74 99
74 97
74 96
74 129
87 102
87 108
90 102
103 107
103 109
103 108
103 110
116 130
116 129
129 132
129 130
130 135
3 33
3 32
3 9
3 29
3 4
9 34
9 33
9 10
9 32
9 29
10 35
10 34
10 32
10 12
10 29
12 35
12 36
12 32
12 13
12 29
13 37
13 36
13 32
13 14
13 29
14 38
14 37
14 15
14 32
14 29
15 38
15 39
15 16
15 32
15 29
16 39
16 40
16 32
16 18
16 29
18 41
18 40
18 32
18 19
18 29
19 43
19 41
19 32
19 29
19 26
28 90
28 89
28 71
28 29
29 90
29 89
32 35
32 38
32 34
32 43
32 37
32 36
32 41
32 39
32 40
32 33
32 82
71 87
71 82
82 87
82 89
89 90
96 103
96 111
96 102
96 99
97 103
97 111
97 102
97 99
99 116
99 103
102 132
102 103
102 135
107 116
108 116
109 111
110 111
1 32
1 29
2 32
2 3
2 29
2 4
2 20
4 15
4 9
4 19
4 29
4 27
4 22
4 20
20 28
20 71
20 29
20 22
22 71
22 29
22 25
25 71
25 29
25 26
26 71
26 29
26 27
27 28
27 71
27 29
