51 139
51 70
75 116
75 115
75 139
75 118
75 117
75 114
75 113
75 112
75 95
75 111
95 139
111 139
112 139
113 139
114 139
115 139
116 139
117 139
118 139
121 139
121 125
121 124
121 149
121 172
128 139
128 155
128 172
133 139
133 155
133 185
133 172
139 149
139 172
139 141
139 143
30 122
30 121
30 32
30 45
30 37
124 128
125 128
125 127
127 128
127 133
33 51
33 74
33 54
33 71
33 45
33 53
33 70
48 122
48 121
48 51
48 133
48 72
54 139
54 69
54 59
163 164
163 165
165 167
59 133
59 124
59 61
59 60
59 68
59 127
59 65
59 64
59 63
59 67
59 62
59 66
60 75
61 75
62 75
63 75
64 75
65 75
66 75
67 75
68 75
74 75
190 193
190 191
11 33
11 13
15 74
15 30
15 25
15 72
15 24
15 71
15 17
20 30
20 24
24 30
24 54
24 36
25 30
25 48
25 31
25 53
31 125
31 32
32 33
32 45
36 124
36 37
45 48
53 59
71 125
71 74
72 74
144 163
148 163
150 163
154 163
155 163
162 163
173 190
178 190
185 190
189 190
8 11
8 24
8 15
8 9
9 25
9 15
17 25
17 20
17 69
37 45
69 72
70 71
143 144
149 150
172 173
13 17
