19 104
19 38
19 20
19 58
19 31
19 30
20 38
30 38
30 33
33 34
38 48
48 50
48 93
48 92
48 96
48 97
48 85
48 78
48 65
48 68
48 72
50 111
92 99
92 98
92 103
93 99
93 103
94 98
96 99
96 103
97 99
97 103
98 99
98 103
104 106
111 112
2 94
2 28
2 12
13 19
13 18
18 19
25 33
25 78
25 31
25 80
28 96
28 30
28 33
31 33
34 48
34 45
34 36
36 48
45 48
58 93
58 92
58 94
58 98
58 72
58 74
58 65
58 68
65 111
65 86
65 78
65 74
72 111
72 86
72 85
74 111
74 86
78 111
78 86
85 111
85 86
103 104
1 74
1 25
1 12
12 13
68 72
83 85
3 12
3 7
7 12
80 83
