330 418
330 422
330 423
420 422
421 423
83 330
83 102
83 139
83 138
83 133
83 164
137 330
137 102
137 139
137 138
137 133
137 164
102 330
102 105
102 113
102 111
105 330
105 181
105 139
105 137
105 136
113 330
113 207
113 125
125 330
125 146
125 127
125 130
127 330
127 146
138 330
138 139
139 330
139 146
146 330
154 330
154 181
154 249
154 169
154 164
169 330
169 180
181 330
181 240
192 330
192 206
194 330
194 206
194 204
204 330
204 206
206 330
206 249
206 261
207 330
207 245
243 330
243 245
243 244
244 330
244 245
245 330
245 249
245 296
249 330
261 330
261 265
265 330
296 330
296 301
301 330
2 102
2 146
2 105
2 194
2 154
2 192
2 127
2 130
2 131
2 3
3 83
3 113
3 111
3 5
3 4
418 420
418 421
5 102
5 243
111 113
111 131
130 194
130 139
130 137
130 136
133 194
133 139
133 137
133 136
133 138
131 138
131 137
136 138
136 137
164 194
180 194
186 194
240 243
4 111
