265 284
265 287
284 287
287 341
341 358
294 302
185 284
185 291
237 377
237 375
237 238
238 368
238 361
238 240
238 253
240 368
240 361
240 253
263 265
293 294
358 368
359 361
369 377
370 375
374 377
374 375
224 374
224 225
226 370
226 369
227 237
227 228
228 374
22 263
22 30
22 259
22 42
22 124
22 293
22 291
22 176
22 143
22 134
291 293
252 359
252 358
252 253
253 358
156 237
156 224
156 165
156 225
156 186
259 263
259 291
30 185
30 293
30 291
30 64
1 22
1 145
1 64
1 73
1 5
1 114
1 34
5 22
5 259
5 61
5 42
5 8
5 7
5 34
5 79
7 22
7 9
8 22
9 22
9 10
10 22
10 11
11 22
11 18
11 12
12 22
12 16
16 22
16 17
17 22
18 22
18 21
18 19
19 22
21 22
42 291
61 291
61 259
61 79
64 291
73 259
100 259
100 144
145 259
145 147
147 291
147 156
147 259
147 155
154 156
155 156
165 227
165 186
176 291
176 186
186 227
186 190
190 227
225 226
246 252
246 251
251 252
34 100
34 89
34 79
34 85
79 246
79 89
79 85
79 112
79 97
245 246
245 89
245 85
245 112
245 97
89 246
89 112
89 97
114 154
124 145
124 134
134 145
134 147
134 143
134 144
143 145
143 147
144 145
144 147
217 225
85 89
214 217
214 215
215 217
112 214
97 112
