13 322
13 173
13 175
294 305
294 301
299 301
299 313
301 302
303 305
303 312
305 308
312 322
312 320
312 317
313 322
313 320
313 319
313 318
317 320
317 325
318 319
318 327
319 327
320 325
322 323
323 325
323 326
323 327
323 328
325 326
327 328
173 277
173 299
173 229
173 178
175 277
175 303
175 275
175 184
175 179
11 13
11 15
11 14
11 12
10 13
10 19
10 14
10 12
267 294
267 270
267 301
267 317
267 302
267 308
267 323
267 318
267 334
270 334
275 277
275 299
184 277
184 299
184 303
229 312
229 313
168 267
168 172
172 267
178 229
178 275
178 184
15 173
15 73
15 38
15 17
15 25
17 267
17 21
17 27
17 28
17 26
17 24
17 22
17 23
17 29
19 175
19 149
19 20
19 27
19 25
19 21
19 28
19 26
19 24
19 22
19 23
19 29
19 37
20 267
20 148
20 21
20 27
20 28
20 26
20 24
20 22
20 23
20 29
179 229
179 184
179 270
38 267
38 142
38 41
38 42
38 47
38 44
38 40
38 39
38 46
38 43
38 45
41 267
41 67
50 267
50 172
50 73
50 149
50 72
55 267
55 148
55 72
57 267
57 148
57 72
59 267
59 148
59 72
61 267
61 148
61 72
63 267
63 148
63 72
65 267
65 148
65 72
67 267
67 148
67 72
69 267
69 148
69 72
71 267
71 74
71 150
71 148
71 72
73 267
73 142
73 92
74 267
74 142
74 77
95 267
95 142
142 267
148 267
148 150
148 160
148 151
148 153
148 152
149 267
149 160
149 151
150 267
150 160
150 151
156 267
156 160
160 267
160 168
12 19
12 15
12 38
12 168
12 37
14 19
14 15
14 38
14 39
14 37
21 38
21 47
21 37
22 38
22 47
22 46
22 37
23 38
23 46
23 45
23 37
24 38
24 44
24 45
24 37
25 38
25 44
25 43
25 37
26 38
26 42
26 43
26 37
27 38
27 41
27 42
27 37
28 38
28 41
28 40
28 37
29 38
29 40
29 39
29 37
37 41
37 42
37 47
37 44
37 40
37 39
37 46
37 43
37 45
39 71
40 69
42 65
43 63
44 61
45 59
46 57
47 55
72 74
72 77
77 95
77 92
92 95
92 94
94 95
151 156
151 153
151 152
153 156
152 153
