73 253
73 85
85 253
85 91
112 253
112 116
113 253
113 116
116 253
170 253
239 253
209 253
241 253
243 253
243 244
244 253
247 253
250 253
1 243
23 85
23 46
23 45
27 253
27 119
27 118
45 243
45 247
45 157
45 118
45 88
45 51
229 243
229 247
229 157
229 118
229 88
229 51
234 243
234 247
234 157
234 118
234 88
234 51
46 170
46 112
46 239
46 157
46 234
46 119
46 237
46 236
46 235
46 238
46 65
230 170
230 112
230 239
230 157
230 234
230 119
230 237
230 236
230 235
230 238
230 65
231 170
231 112
231 239
231 157
231 234
231 119
231 237
231 236
231 235
231 238
231 65
233 170
233 112
233 239
233 157
233 234
233 119
233 237
233 236
233 235
233 238
233 65
72 73
72 158
88 112
88 113
88 92
88 111
88 109
108 112
108 113
108 92
108 111
108 109
91 112
91 113
91 92
91 111
109 112
109 113
109 92
109 111
92 112
92 113
111 112
111 113
118 247
118 157
118 234
118 233
118 230
118 229
118 231
235 247
235 157
235 234
235 233
235 230
235 229
235 231
119 170
119 239
119 234
119 233
119 230
119 237
119 229
119 231
119 235
119 238
157 170
157 239
157 234
157 233
157 230
157 237
157 229
157 231
157 235
157 238
236 170
236 239
236 234
236 233
236 230
236 237
236 229
236 231
236 235
236 238
158 253
158 159
237 253
237 159
159 253
238 253
2 27
2 158
2 3
3 72
3 46
3 45
3 9
3 65
3 51
3 71
6 72
6 46
6 45
6 9
6 65
6 51
6 71
9 72
9 69
9 68
9 16
22 23
68 72
68 71
69 72
69 71
87 157
87 119
87 91
87 118
87 88
21 22
51 68
71 68
65 69
20 21
19 20
18 19
17 18
16 17
