26 53
26 28
26 103
26 115
29 53
29 103
29 101
29 115
29 98
53 107
53 106
53 94
53 57
53 95
53 73
53 93
62 108
88 93
88 106
88 92
105 142
143 146
143 144
135 136
142 143
20 26
20 53
20 98
23 26
23 53
23 43
28 29
28 53
42 62
42 44
57 62
57 60
60 62
60 110
60 100
73 88
73 76
76 88
76 77
77 88
104 143
104 105
104 142
118 136
118 119
118 135
4 42
4 17
4 11
4 6
5 23
5 16
5 13
5 6
11 23
11 42
11 44
11 43
13 28
13 16
16 20
17 20
17 28
44 60
44 76
101 104
103 104
110 118
117 118
1 11
3 5
3 4
3 6
6 16
6 44
43 44
100 103
109 110
115 117
115 116
116 117
96 100
98 100
107 109
108 109
93 96
95 96
106 108
106 107
92 93
94 95
