8 112
8 111
8 25
8 10
8 93
8 88
10 25
25 97
35 95
36 95
101 179
102 173
106 111
106 168
147 111
147 168
107 112
107 189
107 177
151 112
151 189
151 177
124 174
125 180
145 147
145 164
149 151
149 166
190 194
3 35
3 44
3 7
3 118
4 35
4 44
4 7
4 118
4 22
4 5
6 45
6 118
6 7
7 10
7 43
7 8
7 135
7 22
22 35
22 36
22 135
22 29
29 35
29 36
43 45
43 118
43 134
43 76
88 107
93 106
95 102
97 101
118 125
118 124
118 135
135 149
135 145
164 182
164 173
164 166
164 168
166 190
166 189
166 179
166 177
168 182
168 172
172 182
173 182
173 174
174 182
178 190
179 190
179 180
180 190
189 190
194 195
5 6
5 7
86 93
86 97
86 95
86 88
134 135
177 179
177 178
78 86
76 78
