73 87
73 107
87 210
87 107
87 189
87 328
87 118
107 113
113 189
113 275
113 116
116 189
116 283
116 286
116 287
116 288
116 289
116 293
145 189
145 187
187 189
187 295
189 295
189 190
189 294
189 293
189 289
189 288
189 287
189 286
189 283
189 282
189 275
190 295
190 318
190 294
190 192
190 238
190 210
190 308
190 293
190 288
190 287
190 282
190 283
190 275
192 318
192 252
192 238
192 260
192 261
192 262
192 263
192 264
192 265
192 266
192 267
192 394
192 274
210 219
210 224
210 211
211 260
219 224
238 245
238 241
241 267
241 266
241 265
241 394
241 264
241 262
241 308
241 263
241 261
252 254
274 394
274 370
308 309
308 311
318 323
318 321
321 394
323 394
328 330
328 332
328 384
328 383
328 379
328 376
328 362
347 355
347 353
347 383
347 401
347 396
384 425
384 394
384 393
414 419
414 417
2 328
2 73
2 252
2 107
2 134
2 3
2 117
3 73
3 347
3 107
3 126
383 384
383 414
383 401
383 396
393 394
401 414
134 328
134 347
137 347
377 383
377 379
379 383
396 401
118 137
127 134
376 377
376 379
117 396
117 118
117 126
117 342
117 370
126 127
372 376
342 376
342 370
342 362
362 372
362 370
370 372
