20 33
20 36
20 30
20 39
20 42
20 66
30 39
30 66
30 197
30 207
33 39
33 66
33 197
33 207
36 39
36 42
36 66
36 197
36 207
39 66
39 197
39 207
39 65
42 66
42 197
42 207
61 66
61 197
61 207
61 224
65 66
65 197
65 207
65 224
66 125
66 204
66 158
66 197
66 207
66 218
66 214
227 235
229 245
198 227
198 225
198 219
200 229
8 20
8 15
206 229
206 217
209 229
209 223
16 61
16 46
16 45
16 20
16 200
15 20
15 130
217 229
219 227
223 229
225 227
235 244
245 250
17 61
17 20
17 158
130 20
130 158
45 61
45 130
45 46
60 61
60 130
60 46
46 61
163 227
163 173
173 227
3 15
3 8
3 45
3 6
3 7
3 125
197 198
7 15
7 16
7 8
204 206
6 17
214 217
218 219
207 209
224 225
125 130
158 163
