94 313
274 279
274 306
274 294
274 317
274 289
274 291
274 288
274 315
274 310
274 293
274 316
274 290
274 311
274 313
274 322
279 287
292 356
292 334
306 307
306 322
307 315
307 310
307 318
307 316
307 311
367 378
367 372
368 378
368 372
369 378
370 372
371 378
374 378
378 385
378 390
378 389
8 94
8 96
8 92
8 93
8 12
12 96
12 97
12 92
12 93
12 15
15 97
15 98
15 92
15 18
15 93
18 100
18 101
18 92
18 23
18 30
18 93
20 106
20 105
20 92
20 39
20 93
23 100
23 99
23 92
23 93
27 99
27 98
27 92
27 93
30 101
30 102
30 92
30 33
30 93
33 102
33 103
33 36
33 92
33 93
36 103
36 105
36 92
36 93
39 106
39 107
39 92
39 93
39 42
42 107
42 108
42 92
42 45
42 93
45 109
45 108
45 50
45 92
45 93
50 109
50 110
50 92
50 93
50 53
53 111
53 110
53 92
53 56
53 93
56 112
56 111
56 92
56 93
56 59
59 112
59 113
59 92
59 63
59 93
63 114
63 113
63 92
63 93
63 66
66 114
66 115
66 92
66 69
66 93
69 115
69 116
69 92
69 93
69 72
72 118
72 116
72 92
72 93
91 94
92 100
92 114
92 106
92 94
92 96
92 115
92 99
92 112
92 107
92 101
92 113
92 111
92 102
92 97
92 109
92 103
92 98
92 118
92 117
92 110
92 105
92 108
92 116
93 100
93 265
93 114
93 106
93 94
93 273
93 270
93 96
93 115
93 99
93 112
93 107
93 101
93 113
93 111
93 102
93 97
93 109
93 103
93 98
93 118
93 117
93 110
93 105
93 108
93 116
117 118
272 274
272 367
272 299
272 370
272 347
272 363
272 344
272 334
273 274
288 292
288 299
288 298
288 291
289 292
290 292
291 292
293 297
293 299
293 298
293 296
293 295
294 297
294 296
294 295
295 297
296 297
298 299
310 314
310 324
310 312
310 323
311 314
311 312
312 314
313 314
315 319
315 317
315 318
316 324
316 319
316 323
317 319
318 319
323 324
347 367
347 369
347 352
347 361
352 371
352 369
352 356
352 353
353 371
353 368
353 358
356 371
356 367
356 358
358 371
358 370
361 368
361 369
363 368
363 370
363 372
372 374
390 396
390 392
391 396
392 396
392 394
394 396
1 92
1 91
1 20
2 20
2 4
2 6
2 80
2 3
3 91
3 4
3 7
4 117
4 6
6 8
7 8
80 91
80 93
265 273
265 267
267 272
270 272
287 294
287 298
287 289
287 291
287 288
287 293
322 323
351 353
385 391
385 392
385 390
385 389
389 391
389 392
344 351
342 344
338 342
334 338
