82 213
82 84
88 129
88 168
89 129
90 129
91 129
92 129
93 129
94 129
95 129
96 129
97 129
97 139
97 171
97 137
123 129
123 168
123 146
123 227
129 196
129 199
129 209
129 198
139 158
139 167
139 169
139 170
139 155
156 158
156 167
156 169
158 207
158 208
158 209
167 168
167 169
170 171
171 259
207 208
208 209
225 241
225 259
225 228
225 262
235 251
235 241
235 253
235 263
241 265
241 251
241 253
241 264
251 253
137 139
137 215
24 129
24 139
24 82
24 26
24 198
26 129
26 82
155 168
155 167
155 156
155 204
203 204
213 225
215 225
228 235
85 92
85 129
85 91
85 93
85 95
85 96
85 94
85 97
85 171
85 89
85 88
85 90
383 388
384 389
386 390
387 391
122 123
146 155
146 198
21 26
21 24
202 203
227 228
84 85
343 383
343 378
343 359
344 384
344 379
344 358
345 386
345 357
346 387
346 356
346 380
346 381
356 387
356 380
357 386
357 382
357 381
358 384
358 379
359 383
359 378
378 383
379 383
379 384
380 387
381 387
381 386
382 386
382 384
108 122
108 114
108 116
114 122
114 116
116 122
198 202
198 200
198 201
198 199
199 202
199 200
199 201
200 202
201 202
279 346
279 344
279 343
279 345
102 116
102 107
102 104
104 116
104 107
107 108
196 198
276 279
262 276
262 263
263 276
263 264
264 276
264 265
265 276
