11 37
18 33
18 219
39 231
47 231
87 231
105 107
159 173
171 173
200 202
200 234
216 224
222 224
8 47
8 39
8 10
10 11
169 171
193 200
194 200
211 216
220 222
231 234
157 159
16 18
16 169
16 90
16 168
16 89
16 93
17 18
17 220
17 194
17 219
17 131
37 87
37 39
78 84
78 87
91 105
91 104
91 94
91 93
104 105
2 17
2 16
2 3
2 5
3 157
3 50
3 71
3 77
3 156
3 6
3 5
3 51
6 8
156 157
168 169
183 193
183 211
183 192
183 210
192 193
210 211
219 220
50 78
50 53
52 78
52 53
53 78
71 78
77 78
89 104
89 91
89 94
90 91
90 93
93 104
94 104
131 194
5 6
180 183
51 71
51 77
51 52
