44 46
44 52
46 52
46 60
46 63
46 64
105 124
123 126
136 149
98 123
98 100
100 123
103 123
125 136
125 131
125 129
125 132
125 130
125 128
127 145
127 141
127 142
127 138
127 140
127 128
23 44
23 83
23 71
134 136
34 44
34 83
34 50
34 58
35 44
144 145
50 56
50 103
50 89
52 56
58 66
58 60
58 64
58 103
60 66
60 64
63 66
63 64
64 66
64 90
84 105
84 86
86 105
89 105
90 105
1 50
1 58
1 91
8 34
10 35
10 20
10 21
10 12
15 35
15 20
15 21
20 35
20 21
21 35
21 23
25 34
25 26
25 33
25 91
26 34
26 57
26 91
33 34
33 57
33 91
57 58
83 84
97 98
124 125
126 127
129 134
130 134
131 134
132 134
138 144
140 144
141 144
142 144
9 10
9 12
12 15
71 83
91 97
93 97
93 95
95 97
128 141
128 131
128 142
128 138
128 129
128 140
128 132
128 130
