40 221
92 221
92 120
92 190
191 221
191 209
196 221
196 216
225 229
13 40
13 37
13 36
14 40
14 37
14 36
15 40
15 37
15 36
16 40
16 37
16 36
17 40
17 37
17 36
18 40
18 37
18 36
19 40
19 37
19 36
20 40
20 37
20 36
21 40
21 37
21 36
36 40
37 40
37 182
90 92
121 225
133 225
135 225
184 191
184 190
184 196
190 191
190 196
210 225
217 225
7 210
7 103
7 9
7 8
8 18
8 37
8 36
8 19
8 21
8 22
8 20
9 15
9 37
9 36
9 13
9 12
9 16
9 14
9 17
10 15
10 37
10 36
10 13
10 12
10 17
10 14
10 16
11 18
11 37
11 36
11 20
11 22
11 19
11 21
22 37
22 36
24 37
24 36
88 90
103 133
103 121
103 119
103 135
119 121
120 121
182 184
209 210
212 217
212 216
216 217
1 24
1 4
1 25
4 7
6 103
6 24
6 212
6 10
6 11
25 182
25 88
5 6
12 25
