8 13
8 16
8 18
8 12
13 74
19 31
31 65
31 75
39 41
41 74
41 59
59 60
60 66
60 75
63 70
64 70
65 112
72 73
73 74
74 75
83 93
83 103
83 85
86 93
86 103
93 103
123 129
123 125
124 129
124 126
127 129
128 129
129 131
129 132
1 31
1 13
1 82
1 4
1 33
1 12
4 72
4 8
4 7
4 122
7 63
7 8
7 34
16 19
16 73
16 122
18 19
18 125
33 60
33 41
33 81
33 82
33 38
33 34
34 39
34 64
34 41
34 38
38 72
38 39
38 122
70 72
70 83
70 81
70 82
75 112
81 83
81 82
82 93
82 103
82 129
82 83
82 85
85 86
85 116
118 123
118 134
118 121
121 124
121 133
122 124
122 128
122 123
122 127
125 127
126 128
12 16
116 121
116 118
