60 64
64 88
111 114
117 205
140 219
144 219
166 219
1 64
1 114
1 84
1 9
49 60
162 163
165 166
249 268
250 268
250 254
251 268
251 260
254 268
258 268
260 268
261 268
262 268
110 111
114 117
114 138
116 117
116 139
138 140
138 151
139 140
139 151
143 144
3 116
3 8
48 49
161 165
161 162
240 251
240 262
240 254
240 250
240 261
240 260
240 249
240 258
88 114
88 98
208 262
208 240
109 110
109 143
221 240
155 161
157 161
159 161
159 160
160 161
10 48
10 43
10 44
47 48
47 102
14 48
14 43
14 44
84 88
84 108
84 97
205 208
205 209
209 240
107 109
107 108
108 109
43 48
44 48
44 45
45 48
45 46
46 48
46 47
6 84
6 9
6 151
6 100
6 8
9 10
13 43
13 44
13 46
13 14
102 107
102 103
103 107
103 156
104 107
151 157
151 155
151 160
151 156
156 159
219 221
5 6
8 13
98 103
98 102
98 99
99 102
99 100
100 104
97 99
