20 21
20 108
20 190
20 184
20 129
20 97
20 79
21 97
21 80
33 139
33 184
33 97
33 80
33 77
33 73
40 41
40 143
40 73
41 143
41 73
67 147
67 184
67 143
67 73
67 74
109 151
112 190
112 115
112 152
117 153
117 118
122 186
122 154
122 123
125 155
132 171
132 134
132 170
136 190
136 137
136 172
140 143
140 144
140 173
146 148
146 175
150 176
177 183
177 178
178 183
182 183
184 185
190 193
66 67
9 21
9 24
83 112
83 108
83 99
97 193
97 136
99 132
103 185
103 122
103 117
103 125
103 104
106 109
106 193
106 112
108 109
116 117
119 122
13 41
13 62
13 46
124 125
129 132
135 136
17 20
138 140
139 140
143 185
143 146
145 146
147 150
149 150
149 176
32 33
162 168
162 182
162 178
167 168
39 40
176 177
7 9
7 15
7 14
7 13
7 44
7 45
7 12
7 11
7 25
7 8
7 10
8 83
8 24
11 32
11 31
11 22
11 35
12 66
12 65
12 46
12 62
12 44
16 17
31 32
31 36
38 39
65 66
92 103
104 106
115 116
118 119
123 124
134 135
137 138
144 145
148 149
153 167
153 154
154 167
154 155
155 167
164 167
171 177
171 172
172 177
173 177
173 175
175 177
1 7
1 4
1 3
1 6
3 16
3 7
4 7
4 46
4 45
2 7
2 3
2 6
6 7
5 7
14 16
14 15
15 16
15 26
15 27
22 31
22 25
24 31
24 26
24 27
25 31
25 37
26 31
27 31
35 38
35 37
36 38
37 38
61 65
61 62
61 64
62 65
62 64
64 65
79 92
79 80
81 92
151 164
151 152
152 153
152 164
170 171
10 22
10 35
46 61
78 81
80 81
44 46
44 45
45 46
76 78
77 78
73 76
73 75
75 76
74 75
