23 35
23 97
23 71
23 93
35 71
35 99
38 42
38 101
38 76
42 101
42 76
42 105
47 71
47 122
47 76
47 82
55 104
55 105
77 123
77 90
78 121
78 90
78 93
91 122
92 101
92 99
98 99
100 121
100 120
102 123
133 152
133 161
160 179
162 163
169 170
7 35
7 13
7 165
7 22
7 9
13 35
13 153
13 165
13 22
152 158
152 153
152 156
15 42
15 172
15 180
15 21
15 46
15 37
153 160
153 156
156 158
161 162
163 168
163 165
163 166
21 42
21 172
21 180
21 103
21 81
21 97
21 93
21 37
22 23
165 169
165 166
166 168
170 176
170 172
170 173
172 178
172 173
173 176
179 185
179 180
179 181
180 187
180 181
181 185
37 38
46 47
54 55
71 78
71 124
76 77
76 124
82 169
82 92
90 91
90 124
93 94
93 124
97 162
97 98
97 129
97 161
99 100
99 168
101 176
101 102
104 178
104 107
105 106
105 124
120 121
122 123
129 133
132 185
132 187
132 133
132 160
132 158
4 54
4 22
4 46
4 37
5 54
5 120
5 22
5 46
5 37
9 13
9 14
9 10
10 13
10 11
10 18
14 15
14 16
16 46
16 18
19 54
19 21
20 54
81 90
81 82
103 104
103 105
124 129
124 132
11 14
18 20
18 19
