52 53
66 173
104 108
108 133
2 53
2 133
2 3
173 174
95 108
95 133
148 150
1 95
1 2
1 154
1 155
1 4
1 3
171 173
60 95
60 61
93 95
93 94
93 99
133 148
154 173
155 173
55 60
55 62
170 171
4 93
4 154
4 24
4 5
4 11
24 60
24 61
24 55
24 62
24 63
24 33
61 93
61 101
61 100
61 133
123 133
94 155
94 170
94 117
94 96
62 155
62 63
62 99
124 171
124 170
54 55
3 24
3 4
5 24
15 24
119 123
120 123
11 24
11 35
122 124
121 124
98 124
98 115
98 117
101 123
101 119
101 122
101 120
101 121
101 113
117 119
117 121
115 122
115 120
63 98
63 97
63 96
35 54
97 98
100 101
33 35
96 100
96 97
113 115
112 113
99 112
