11 18
11 13
11 121
11 100
11 96
11 97
11 135
11 134
11 95
11 101
11 136
11 137
11 102
11 99
11 98
11 41
132 18
132 13
132 121
132 100
132 96
132 97
132 135
132 134
132 95
132 101
132 136
132 137
132 102
132 99
132 98
132 41
132 23
132 28
132 33
132 117
132 115
132 116
132 90
132 65
132 78
132 89
132 74
132 88
132 77
132 63
132 64
133 18
133 13
133 121
133 100
133 96
133 97
133 135
133 134
133 95
133 101
133 136
133 137
133 102
133 99
133 98
133 41
133 23
133 28
133 33
133 117
133 115
133 116
133 90
133 65
133 78
133 89
133 74
133 88
133 77
133 63
133 64
13 18
13 121
13 100
13 96
13 97
13 135
13 134
13 95
13 101
13 136
13 137
13 102
13 99
13 98
18 23
18 121
18 100
18 96
18 97
18 135
18 134
18 95
18 101
18 136
18 137
18 102
18 99
18 98
23 28
23 121
23 100
23 96
23 97
23 135
23 134
23 95
23 101
23 136
23 137
23 102
23 99
23 98
28 33
28 121
28 100
28 96
28 97
28 135
28 134
28 95
28 101
28 136
28 137
28 102
28 99
28 98
33 121
33 100
33 96
33 97
33 135
33 134
33 95
33 101
33 136
33 137
33 102
33 99
33 98
45 121
45 100
45 96
45 97
45 135
45 134
45 95
45 101
45 136
45 137
45 102
45 99
45 98
50 121
50 100
50 96
50 97
50 135
50 134
50 95
50 101
50 136
50 137
50 102
50 99
50 98
90 121
90 100
90 96
90 97
90 135
90 134
90 95
90 101
90 136
90 137
90 102
90 99
90 98
117 135
117 134
117 136
117 137
121 135
121 134
121 136
121 137
1 11
1 5
1 4
1 6
1 3
2 11
2 5
2 4
2 6
2 3
3 11
3 5
3 6
4 11
4 5
4 6
5 11
5 6
6 11
42 45
42 43
43 45
62 121
62 90
62 100
62 96
62 63
62 97
62 135
62 134
62 95
62 89
62 101
62 136
62 137
62 102
62 99
62 98
63 121
63 90
63 100
63 96
63 97
63 135
63 134
63 95
63 101
63 136
63 64
63 137
63 102
63 99
63 98
64 121
64 90
64 100
64 96
64 97
64 135
64 134
64 65
64 95
64 101
64 136
64 137
64 102
64 99
64 98
65 121
65 90
65 100
65 96
65 97
65 135
65 134
65 95
65 88
65 101
65 136
65 137
65 102
65 99
65 98
72 121
72 90
72 100
72 96
72 97
72 135
72 134
72 95
72 88
72 101
72 136
72 137
72 102
72 99
72 98
73 121
73 90
73 100
73 96
73 97
73 135
73 134
73 95
73 89
73 74
73 101
73 136
73 137
73 102
73 99
73 98
74 121
74 90
74 100
74 96
74 97
74 135
74 134
74 95
74 77
74 101
74 136
74 137
74 102
74 99
74 98
77 121
77 90
77 100
77 96
77 97
77 135
77 134
77 95
77 78
77 101
77 136
77 137
77 102
77 99
77 98
78 121
78 90
78 100
78 96
78 97
78 135
78 134
78 95
78 88
78 101
78 136
78 137
78 102
78 99
78 98
88 121
88 90
88 100
88 96
88 97
88 135
88 134
88 95
88 101
88 136
88 137
88 102
88 99
88 98
89 121
89 90
89 100
89 96
89 97
89 135
89 134
89 95
89 101
89 136
89 137
89 102
89 99
89 98
95 117
95 116
95 96
95 135
95 134
95 136
95 137
96 117
96 97
96 135
96 134
96 136
96 137
97 117
97 135
97 134
97 136
97 137
97 98
98 117
98 115
98 135
98 134
98 136
98 137
99 117
99 116
99 135
99 134
99 136
99 137
100 117
100 135
100 134
100 101
100 136
100 137
101 117
101 135
101 134
101 136
101 137
101 102
102 117
102 115
102 135
102 134
102 136
102 137
115 117
115 135
115 134
115 136
115 137
116 117
116 135
116 134
116 136
116 137
134 143
134 135
135 143
135 136
136 143
136 137
137 143
37 43
37 42
37 41
37 40
38 43
38 42
38 41
38 40
40 43
40 42
41 43
41 42
