10 21
10 122
10 136
10 86
10 87
10 45
10 39
10 37
10 105
21 44
21 38
21 36
21 56
46 105
79 82
114 122
115 122
172 175
174 175
8 10
166 175
167 175
168 175
169 175
170 175
171 175
18 21
18 48
18 19
18 20
18 53
40 46
40 81
40 71
40 134
40 139
40 115
40 168
40 136
40 44
44 46
45 46
48 82
48 122
48 136
48 51
48 50
48 53
48 86
58 174
58 85
58 68
58 139
58 172
58 124
58 64
58 63
63 68
64 68
75 79
75 134
112 114
112 134
1 18
1 8
1 3
1 53
1 86
1 4
3 75
3 71
3 5
3 4
136 170
136 139
136 171
7 8
162 166
162 163
164 168
164 169
19 40
20 40
38 40
39 40
50 58
51 58
53 58
56 64
56 57
57 58
71 75
94 112
94 109
109 112
134 167
134 136
134 139
5 7
159 164
159 163
159 162
159 161
161 162
163 164
36 38
36 37
37 39
86 94
86 87
90 94
107 109
4 5
139 159
139 157
157 159
87 90
105 107
