9 10
10 96
10 58
10 38
10 92
10 25
10 22
22 58
22 92
22 26
22 27
22 28
22 29
22 30
22 31
22 32
22 33
22 34
25 35
26 35
27 35
28 35
29 35
30 35
31 35
32 35
33 35
34 35
35 36
35 139
35 145
35 143
36 60
36 38
48 60
48 38
38 43
49 43
58 60
58 78
58 79
60 125
60 127
60 126
60 105
60 63
60 123
60 61
60 62
63 66
63 67
67 69
67 87
67 77
67 92
77 80
78 80
79 80
80 83
83 103
87 91
92 93
93 94
94 97
96 133
96 136
96 131
96 134
96 97
103 104
104 105
104 106
105 118
105 115
105 117
105 113
105 106
106 108
113 118
113 115
113 117
115 118
115 149
117 118
118 121
123 125
123 127
123 126
125 127
126 127
126 145
127 128
131 133
131 136
131 151
131 150
131 134
133 136
134 136
134 149
139 145
139 143
139 146
143 157
143 145
145 158
146 147
146 149
147 149
149 159
150 157
151 152
151 157
152 157
4 9
5 63
5 9
7 9
7 8
8 9
61 108
61 63
61 62
62 128
62 121
62 96
62 91
62 158
62 69
62 159
62 63
