1 15
1 5
1 106
1 4
1 14
1 16
4 34
4 33
5 6
5 12
5 17
5 14
5 25
5 21
5 105
6 7
6 12
7 12
7 17
7 211
12 13
12 113
12 114
13 19
14 15
14 108
15 45
15 211
16 20
16 119
16 160
16 19
16 25
16 28
17 46
17 25
20 142
20 139
20 46
25 34
25 112
25 139
25 28
28 46
34 142
34 45
40 142
40 45
45 46
46 208
106 110
106 139
106 160
108 110
108 112
110 142
110 160
110 114
113 272
113 188
113 119
113 268
113 270
113 274
113 266
114 139
114 145
114 119
119 138
119 120
119 153
120 159
138 159
139 170
142 148
142 156
142 145
145 148
145 159
148 257
148 153
153 156
153 159
156 160
156 159
159 175
160 260
160 191
170 261
175 188
188 189
191 256
191 255
208 272
208 268
208 211
208 270
208 274
208 266
211 212
21 28
33 148
33 153
33 45
33 105
105 110
105 113
105 106
105 145
105 114
