91 93
91 92
92 93
92 328
92 335
92 103
92 221
92 216
93 94
94 115
94 96
96 115
103 109
109 127
115 116
115 298
115 358
116 314
116 133
127 298
230 242
233 242
242 283
283 284
298 299
298 303
314 315
314 323
328 354
328 333
328 379
333 358
335 344
358 370
358 368
379 388
379 386
3 91
3 93
3 335
3 103
3 97
4 328
4 91
4 93
4 103
4 97
4 325
376 379
376 378
378 379
97 328
97 335
97 103
97 221
97 216
325 328
325 335
325 103
325 221
325 216
134 242
170 242
221 233
221 230
133 134
133 170
199 221
216 376
