4 10
4 18
15 18
16 71
16 74
16 18
17 79
17 63
17 18
19 21
19 64
21 64
21 56
21 61
21 30
30 44
30 61
30 62
30 70
30 64
30 56
44 67
44 46
44 61
44 69
44 62
44 57
46 67
46 57
46 53
53 68
53 67
53 60
53 57
56 79
56 63
57 79
57 62
57 63
57 60
60 79
60 63
61 79
61 63
62 79
62 63
63 79
64 71
64 70
64 74
67 71
67 68
67 69
67 74
68 71
68 74
69 71
69 70
69 74
70 71
70 74
71 74
74 75
74 76
79 80
2 17
2 4
2 10
2 6
2 23
2 27
2 48
2 50
2 34
3 16
3 4
3 9
3 5
3 25
3 23
3 49
3 40
3 33
9 16
9 11
10 15
10 14
11 16
11 15
14 17
14 56
18 19
29 30
43 44
52 53
5 9
5 24
5 25
5 33
5 49
5 48
5 32
6 10
6 24
6 32
28 29
28 41
42 43
51 52
23 28
23 25
23 27
24 28
24 42
24 27
25 28
27 28
32 51
32 34
39 42
39 40
40 42
41 42
48 51
48 50
49 51
50 51
33 40
33 38
34 41
34 37
37 41
37 39
38 39
