3 5
3 6
3 7
3 107
5 7
6 7
18 33
18 19
18 49
18 23
18 61
18 48
18 60
18 56
22 33
22 19
22 49
22 23
22 61
22 48
22 60
22 56
19 33
19 49
19 56
19 61
19 48
23 33
23 49
23 56
23 61
23 48
33 49
33 61
33 56
33 55
33 52
33 48
49 58
49 63
49 52
54 59
54 58
54 64
54 63
55 61
55 62
55 57
55 63
55 56
69 70
71 72
73 107
56 65
56 61
56 59
56 62
56 58
56 64
56 60
56 57
56 63
57 67
57 58
58 68
58 59
60 66
60 89
60 88
61 73
62 120
62 72
62 119
63 71
63 64
59 69
64 70
1 3
2 3
88 89
119 120
7 18
7 22
48 55
48 52
48 49
52 54
