53 174
53 182
53 135
53 133
53 180
53 178
53 131
53 176
53 129
53 136
53 183
53 132
53 179
53 128
53 175
53 177
53 130
53 181
53 134
65 137
65 184
102 140
102 186
102 148
102 193
102 146
102 191
102 188
102 142
102 189
102 144
102 185
102 139
102 190
102 145
102 141
102 187
102 143
102 197
102 192
102 147
114 150
114 194
154 158
154 156
156 166
156 158
156 164
164 166
11 65
11 14
11 102
11 79
11 53
11 26
11 114
199 207
199 205
205 207
205 214
205 212
212 214
14 65
14 79
14 26
14 102
14 114
14 53
26 53
26 127
79 102
1 11
3 11
3 8
8 11
8 14
8 10
10 11
10 14
127 154
128 154
129 154
130 154
131 154
132 154
133 154
134 154
135 154
136 154
137 154
139 154
140 154
141 154
142 154
143 154
144 154
145 154
146 154
147 154
148 154
150 154
174 199
175 199
176 199
177 199
178 199
179 199
180 199
181 199
182 199
183 199
184 199
185 199
186 199
187 199
188 199
189 199
190 199
191 199
192 199
193 199
194 199
197 199
