71 98
98 100
98 150
98 162
98 169
98 207
98 130
99 100
99 162
99 207
99 151
99 131
117 118
119 120
120 179
125 179
130 137
130 161
161 229
219 229
131 134
131 207
151 174
50 71
216 219
63 99
65 71
65 98
113 117
113 118
113 116
118 119
118 207
118 124
118 216
124 125
3 65
3 61
3 9
3 31
11 63
11 12
49 50
61 65
108 113
116 118
7 108
7 9
7 100
7 31
9 11
9 12
19 116
19 46
19 45
19 47
48 49
104 108
6 7
10 19
10 12
42 48
42 45
42 46
45 48
46 48
47 48
100 104
100 102
100 101
100 103
101 104
102 104
103 104
41 42
38 41
32 38
12 32
31 32
