4 55
4 6
14 42
14 26
14 84
14 175
14 75
14 89
14 67
14 83
14 79
25 54
25 73
25 26
25 71
25 88
25 127
25 91
25 79
26 55
42 220
42 55
54 218
54 55
54 140
54 85
54 71
54 70
55 56
56 63
56 122
56 127
56 119
63 119
63 120
71 145
71 80
71 88
81 197
81 109
81 119
81 113
84 140
84 184
84 187
84 85
84 89
93 197
93 109
93 97
93 113
97 197
97 109
97 113
98 184
98 109
109 111
109 253
111 145
111 204
119 120
120 204
122 127
127 266
132 154
132 204
140 204
145 280
145 204
152 154
154 204
175 182
182 187
187 204
197 198
198 204
204 220
204 281
204 275
204 260
204 243
204 270
204 218
253 254
260 261
270 271
271 281
280 281
1 42
1 122
1 152
1 97
1 233
1 175
1 8
1 34
1 138
1 7
1 6
1 3
1 5
3 4
3 5
6 14
6 8
6 75
8 84
8 127
8 12
12 84
12 138
12 85
7 54
7 12
7 24
24 25
24 34
24 67
24 70
34 63
75 84
75 80
80 81
80 152
85 98
92 93
114 182
138 233
5 7
67 92
67 80
73 80
79 80
83 85
88 92
89 92
89 91
91 92
113 114
70 83
70 73
