13 15
13 16
13 25
13 21
13 26
13 18
13 20
13 24
13 22
13 23
13 19
13 100
13 48
13 101
13 37
13 35
13 27
13 34
13 36
13 28
13 33
13 38
13 30
13 29
13 31
13 32
15 77
15 48
15 55
16 77
16 78
77 103
103 106
103 260
103 165
103 250
106 107
107 108
107 250
107 170
108 109
109 110
109 250
109 170
110 111
111 112
111 250
111 170
112 113
113 250
113 114
113 170
114 115
115 250
115 116
115 170
116 117
117 118
117 250
117 170
129 130
129 250
129 170
130 131
131 132
131 170
132 133
133 279
133 134
133 250
133 211
133 170
134 135
135 260
135 136
135 250
135 170
138 139
138 260
138 172
139 141
141 142
141 260
141 172
142 143
143 144
143 260
143 172
144 145
145 146
145 260
145 172
146 147
147 260
147 148
147 172
148 149
149 260
149 150
149 172
150 151
151 260
151 152
151 172
156 260
156 157
156 172
157 158
158 260
158 159
158 172
159 160
160 161
160 260
160 172
161 162
162 172
165 169
169 175
169 250
169 170
169 172
175 197
176 197
177 197
178 197
178 210
178 199
197 310
197 206
206 311
206 224
210 284
210 212
210 211
211 288
211 212
212 214
212 284
214 312
214 224
224 264
224 314
250 260
250 262
253 255
253 278
255 257
255 309
257 316
257 309
260 262
264 281
264 280
264 265
264 315
265 315
278 279
278 289
279 320
279 309
281 289
284 288
284 312
288 310
289 320
309 316
310 311
312 314
1 16
1 13
1 37
1 26
1 24
1 29
1 31
2 15
2 13
2 24
2 38
48 77
48 67
48 81
48 68
48 83
48 79
48 66
48 85
48 70
48 86
48 89
48 69
48 72
48 73
48 60
48 59
48 87
48 63
48 88
48 78
48 64
55 77
55 67
55 81
55 68
55 83
55 79
55 66
55 85
55 70
55 86
55 89
55 69
55 72
55 73
55 60
55 59
55 87
55 63
55 88
55 78
55 64
59 161
60 159
63 157
64 152
64 66
66 150
67 148
68 146
69 144
70 142
72 139
73 136
73 100
73 101
78 106
79 108
81 110
83 112
85 114
85 86
86 116
87 118
88 130
89 132
100 210
100 102
101 278
101 102
102 134
170 177
170 176
170 178
172 178
172 179
199 214
262 264
18 79
18 78
19 81
19 79
20 81
20 83
21 83
21 85
22 85
23 86
23 87
24 102
24 89
25 89
25 88
26 87
26 88
27 67
27 68
28 68
28 69
29 70
29 69
30 70
30 72
31 72
31 73
32 102
32 73
33 67
33 66
34 66
34 64
35 63
35 64
36 60
36 63
37 60
37 59
38 55
38 59
179 199
