23 129
23 44
23 192
23 148
44 50
44 129
44 199
44 148
50 54
50 129
50 199
50 148
54 129
54 61
54 199
54 148
61 73
61 129
61 199
61 148
73 81
73 77
73 129
73 199
73 148
77 81
77 129
77 199
77 148
81 129
81 199
81 148
122 133
122 204
122 200
122 158
122 149
129 200
129 149
133 202
133 160
208 209
208 254
116 133
194 195
194 252
115 116
161 194
192 194
199 208
199 204
202 208
207 208
204 208
200 208
200 204
200 202
110 116
110 115
110 112
111 116
112 116
5 207
5 115
5 112
9 207
9 199
9 111
9 112
9 110
9 181
9 182
148 161
148 158
149 161
158 161
160 161
181 199
182 200
8 111
8 115
8 110
8 192
8 146
1 9
2 5
2 8
145 148
146 149
146 160
