43 65
43 77
43 122
43 82
45 46
45 77
46 65
46 77
62 64
62 82
62 68
64 82
64 68
72 142
73 137
74 141
75 132
87 121
88 120
90 119
91 118
6 46
6 64
6 10
6 7
6 54
6 8
68 73
68 122
82 90
82 97
97 119
97 120
97 118
97 121
23 74
23 122
23 68
23 40
23 33
23 88
23 82
23 97
23 91
23 75
23 65
23 32
23 30
23 34
23 57
122 141
122 137
122 142
122 132
39 45
61 62
65 72
65 122
10 23
10 21
10 11
11 23
11 17
11 19
11 15
11 13
15 23
17 23
19 23
21 23
21 39
30 39
32 39
34 61
34 40
57 61
57 60
60 61
77 97
7 21
8 21
13 21
54 57
54 55
55 57
40 54
33 40
