60 165
60 337
60 227
69 341
69 165
69 153
69 337
69 227
72 341
72 165
72 337
72 227
72 144
73 341
73 165
73 337
73 227
73 145
74 341
74 165
74 153
74 337
74 227
76 341
76 165
76 337
76 227
76 147
79 341
79 165
79 153
79 337
79 227
80 341
80 165
80 337
80 227
80 149
81 341
81 165
81 337
81 227
81 150
82 261
82 165
82 247
82 153
82 337
82 227
83 261
83 247
83 265
83 252
88 261
88 247
88 265
88 252
89 261
89 247
89 265
89 252
90 261
90 247
90 265
90 252
92 261
92 247
92 265
92 252
93 261
93 247
93 265
93 252
94 261
94 247
94 265
94 252
95 261
95 247
95 265
95 252
96 261
96 247
96 265
96 252
97 261
97 247
97 265
97 252
98 261
98 247
98 265
98 252
166 341
166 285
228 298
242 341
244 308
272 314
275 320
281 324
281 328
337 338
341 342
22 89
22 88
22 39
22 28
22 51
22 23
22 83
22 82
39 79
39 80
39 51
39 37
39 83
39 82
39 28
39 23
39 81
39 22
39 21
39 17
23 89
23 90
23 39
23 28
23 51
23 94
23 93
23 95
23 96
23 97
23 92
23 98
28 69
28 60
28 39
28 33
28 51
28 36
298 300
33 69
33 72
33 39
33 36
33 51
33 73
33 74
36 79
36 76
36 39
36 51
36 37
36 80
36 74
37 82
37 80
37 81
37 51
46 98
46 51
51 89
51 94
51 304
51 242
51 82
51 69
51 153
51 88
51 60
51 96
51 79
51 92
51 83
51 73
51 244
51 93
51 90
51 76
51 97
51 72
51 80
51 74
51 98
51 281
51 81
51 95
314 316
153 154
165 166
320 322
308 312
227 229
227 228
247 248
252 253
252 275
261 262
265 272
265 266
324 326
285 293
328 330
1 39
1 51
4 51
8 46
9 46
16 28
16 22
16 23
16 21
16 17
17 28
17 22
17 23
17 21
21 28
21 22
21 23
144 153
145 153
147 153
149 153
150 153
13 16
