12 99
12 19
12 98
19 98
35 151
35 132
35 38
35 130
50 151
68 77
68 76
68 79
68 78
68 227
76 77
76 102
76 79
77 79
77 78
78 79
78 139
78 200
99 102
99 104
99 106
102 106
102 174
102 104
104 106
132 140
132 231
132 139
132 149
139 140
139 155
139 200
139 149
140 149
151 157
151 161
151 155
155 161
155 174
155 157
157 161
161 172
171 174
171 172
172 174
174 180
229 238
2 99
2 46
2 8
2 24
4 180
4 8
4 19
4 38
4 21
4 24
4 113
8 10
25 180
25 203
25 27
25 238
25 68
25 192
30 99
30 68
30 98
30 46
30 43
30 200
46 203
46 47
47 180
47 238
98 99
113 151
113 203
113 132
113 238
113 130
130 132
149 208
149 155
149 196
192 229
192 200
192 196
200 203
200 208
1 46
1 8
1 24
3 4
3 8
21 30
21 24
24 25
43 46
196 200
