56 214
56 138
56 207
56 206
56 233
56 131
56 407
56 185
56 112
56 113
56 184
56 217
56 139
56 215
56 211
56 208
56 126
56 91
56 170
56 171
56 75
56 216
56 140
56 203
56 95
56 177
56 176
56 101
56 137
56 213
56 204
56 183
56 182
56 110
56 111
61 144
61 139
61 222
61 125
61 238
61 237
61 91
61 75
61 146
61 221
61 138
61 130
61 112
61 113
61 140
61 95
61 101
61 137
61 129
61 110
61 111
137 219
144 225
144 222
146 221
146 223
199 209
199 216
199 215
199 211
200 210
200 214
200 212
200 213
210 214
219 238
223 237
422 424
202 209
202 208
203 217
203 211
204 210
204 207
206 212
206 220
353 367
353 364
364 365
364 366
366 367
49 217
49 56
49 408
49 233
49 220
49 59
49 58
49 167
233 408
233 271
254 408
254 271
237 465
255 465
238 465
256 465
407 408
59 465
59 225
59 61
59 223
59 74
86 139
86 218
86 128
86 127
92 139
92 136
98 140
98 136
102 140
102 218
102 128
102 127
114 137
114 219
114 130
114 132
114 134
118 134
118 138
118 129
118 219
118 132
297 367
297 353
297 364
125 136
125 222
127 217
127 218
128 225
128 218
129 134
129 221
130 219
130 223
131 134
131 207
132 219
132 220
126 136
126 208
172 209
172 199
172 215
172 202
172 211
172 353
172 203
172 271
178 209
178 216
178 199
178 202
178 211
186 210
186 200
186 213
186 212
192 210
192 214
192 200
192 204
192 212
192 353
192 271
27 59
27 29
29 49
29 47
29 48
47 49
48 49
58 59
74 86
74 92
74 91
74 118
74 102
74 98
74 114
75 86
91 92
95 98
101 102
110 114
111 114
112 118
113 118
167 172
167 178
167 177
167 192
167 186
167 183
167 182
170 172
171 172
176 178
177 178
182 186
183 186
184 192
185 192
271 297
277 297
19 27
19 29
19 25
19 24
19 28
24 27
24 29
24 26
24 28
25 29
26 27
26 29
26 28
28 170
28 171
28 29
28 271
28 169
169 185
169 171
169 176
169 184
