22 141
22 99
22 47
22 37
22 53
22 25
22 97
25 141
25 47
25 42
25 41
116 141
137 141
21 22
131 137
132 137
133 137
134 137
135 137
136 137
23 25
46 116
46 141
46 104
46 93
46 115
47 116
47 141
47 99
47 105
47 115
47 108
47 95
47 103
47 92
47 98
47 106
47 53
81 116
81 141
81 103
81 92
81 115
82 116
82 141
82 108
82 95
82 115
54 116
54 141
54 97
54 107
54 115
84 116
84 141
84 97
84 107
84 115
92 116
92 141
92 103
92 115
93 116
93 141
93 104
93 115
95 116
95 141
95 108
95 115
97 116
97 141
97 107
97 115
98 116
98 141
98 106
98 115
99 116
99 141
99 105
99 115
103 116
103 115
104 116
104 115
105 116
105 115
106 116
106 115
107 116
107 115
108 116
108 115
18 22
18 21
1 21
1 18
1 23
1 2
1 4
2 18
2 23
2 14
2 4
6 18
6 14
6 7
7 23
14 21
14 18
14 23
37 46
37 39
45 46
53 84
53 54
83 84
83 54
115 133
115 128
115 131
115 130
115 135
115 126
115 134
115 127
115 136
115 125
115 132
115 129
125 136
126 135
127 134
128 133
129 132
130 131
4 6
42 45
42 53
39 42
39 41
41 42
