24 31
24 43
14 24
15 24
15 16
15 140
16 24
16 19
16 118
16 121
16 18
16 140
18 24
18 118
18 121
19 24
19 22
19 130
19 128
127 24
127 22
127 130
127 128
22 24
22 65
22 127
22 129
22 128
31 209
31 36
36 209
36 201
36 37
37 210
37 201
37 39
39 202
39 210
39 40
40 202
40 211
51 111
51 52
52 111
52 53
53 115
53 54
54 115
59 174
59 62
60 153
60 66
62 178
62 174
62 63
63 178
63 194
63 64
64 194
64 183
64 65
65 187
65 183
66 153
66 155
66 68
68 155
68 160
68 69
69 160
69 164
69 70
70 169
70 164
122 123
122 191
133 135
133 172
144 146
144 184
150 153
150 157
157 160
157 166
166 169
172 174
184 187
191 194
203 210
203 209
203 211
5 203
6 14
6 150
12 14
12 118
118 122
118 121
118 128
121 157
121 203
121 122
129 133
129 150
129 203
130 150
130 203
130 132
132 133
140 144
140 141
140 166
140 203
140 143
143 144
45 51
1 118
43 45
43 44
44 45
128 140
128 141
128 130
128 129
128 132
141 143
