19 75
19 21
19 59
19 42
21 84
21 86
42 75
59 75
75 84
75 86
75 97
75 96
75 88
75 109
84 85
85 121
85 93
86 87
87 117
87 94
88 91
88 92
91 94
92 93
93 120
93 96
94 116
94 97
96 108
97 107
107 115
107 112
108 119
108 113
109 110
109 123
109 111
109 158
110 112
111 113
112 114
112 158
113 176
113 118
114 123
115 123
116 123
117 123
118 176
119 176
120 176
121 176
123 148
123 153
123 165
123 173
123 174
123 175
123 166
123 167
148 153
153 180
153 168
161 180
161 168
165 174
165 173
166 175
166 174
167 175
168 173
174 182
174 181
176 178
176 184
176 180
176 187
176 181
176 189
176 182
176 190
176 183
178 184
180 187
180 184
181 189
181 187
182 190
182 189
183 190
4 19
4 8
4 7
4 9
4 6
12 19
12 8
12 7
12 9
12 6
7 42
7 15
8 59
8 17
13 19
14 19
15 19
15 16
16 19
17 19
158 161
1 12
1 4
2 12
2 4
6 13
6 12
6 14
9 12
