6 13
6 37
6 249
6 16
13 37
13 218
13 16
13 241
18 37
18 224
18 317
37 399
37 398
37 389
139 267
139 157
139 214
160 267
160 235
219 267
219 235
219 237
226 267
226 243
226 241
233 267
233 339
233 249
238 267
244 267
252 263
252 267
252 258
252 262
263 267
267 378
267 359
299 378
323 368
332 339
332 359
346 349
395 412
395 410
401 404
262 263
2 299
2 5
2 16
4 13
4 5
4 16
4 37
4 267
4 299
4 328
4 294
4 327
4 214
4 46
4 293
4 221
295 299
317 323
317 319
319 323
329 332
339 346
339 340
340 346
349 353
349 352
352 353
5 6
5 16
364 365
359 365
359 364
378 383
378 380
380 383
389 395
389 391
391 395
391 398
16 18
398 401
398 399
406 407
399 401
410 413
410 412
412 413
404 407
404 406
368 374
368 372
372 374
157 160
157 159
159 160
214 219
214 218
218 219
221 226
221 224
224 226
235 238
235 237
237 238
241 244
241 243
243 244
249 252
249 250
250 252
258 263
258 262
1 5
1 16
1 293
3 5
3 4
3 16
46 221
46 214
46 293
293 295
293 294
293 327
294 295
327 329
327 328
328 329
