18 21
18 34
18 47
21 34
21 47
21 140
21 184
28 34
28 47
28 140
28 184
33 34
33 47
33 140
33 184
34 47
34 118
34 36
36 47
36 119
47 119
47 118
47 201
47 130
47 131
118 165
118 119
118 121
118 122
118 283
118 127
119 267
119 121
119 122
119 194
119 127
121 283
121 127
122 127
130 133
130 182
130 131
130 132
130 283
130 134
131 133
131 132
131 134
132 134
133 134
140 162
140 283
163 184
165 166
166 181
166 283
181 182
184 267
184 193
193 194
201 267
247 261
247 255
248 255
255 261
255 267
267 281
267 280
267 278
267 279
283 285
5 18
5 6
6 18
6 7
7 18
7 16
7 17
11 18
11 16
11 17
16 18
17 18
127 140
127 163
134 166
134 201
134 248
3 5
4 11
