77 83
77 193
77 195
77 285
77 284
83 193
83 195
83 143
83 148
83 198
83 192
83 242
83 230
83 172
148 198
148 276
148 192
148 260
148 272
183 241
183 237
183 225
183 229
199 261
199 267
199 291
199 285
199 275
199 276
199 257
221 261
221 267
221 291
221 285
221 275
221 276
221 257
7 83
7 70
7 144
7 180
7 142
7 174
7 175
7 9
7 8
172 183
172 174
180 183
192 301
192 199
296 289
296 301
296 266
296 199
296 257
296 291
193 301
193 199
70 77
195 303
195 199
198 303
198 199
230 303
230 257
242 301
242 257
261 289
261 301
261 266
267 289
275 289
276 303
284 303
284 291
285 301
285 291
144 148
144 260
8 70
8 144
8 180
8 142
8 174
8 175
9 70
9 69
69 70
142 144
143 144
174 180
175 180
225 230
229 230
237 242
241 242
260 261
260 267
260 266
266 267
274 275
274 276
273 274
272 273
