9 77
9 41
77 120
77 147
77 130
77 201
77 133
77 134
77 135
77 272
77 136
77 137
77 140
77 161
77 143
77 210
77 158
120 158
130 147
130 150
130 201
130 210
133 147
133 150
133 210
134 147
134 150
134 201
134 210
135 147
135 150
135 201
135 210
136 147
136 150
136 201
136 210
137 147
137 150
137 201
137 210
140 147
140 150
140 201
140 210
147 150
150 201
150 210
158 201
158 210
179 201
179 210
161 201
161 210
182 201
182 210
207 239
207 246
207 238
241 239
241 246
241 238
220 241
220 262
239 241
239 262
242 241
242 262
205 207
3 9
3 77
3 201
3 41
3 5
3 19
3 12
3 26
3 16
4 9
4 5
4 57
4 6
4 12
41 9
41 5
41 57
41 6
41 12
41 77
41 51
41 27
41 44
41 37
41 49
41 39
41 42
41 36
41 47
41 29
41 38
41 43
41 25
41 23
41 20
210 220
210 239
210 218
210 238
218 220
218 239
238 220
238 239
246 254
246 248
246 252
246 253
248 254
248 252
248 253
252 254
252 253
253 254
1 77
1 4
1 41
1 3
1 210
1 70
262 275
262 274
262 273
262 272
272 275
272 274
272 273
273 275
273 274
274 275
5 77
5 51
5 41
5 71
5 24
19 77
19 51
19 27
6 77
6 51
42 77
42 51
43 77
43 51
44 77
44 51
47 77
47 51
49 77
49 51
51 77
51 70
57 77
73 77
143 179
143 147
143 150
201 207
201 205
12 41
12 19
12 18
12 17
17 43
17 25
17 23
17 20
18 19
18 26
18 28
20 41
20 43
20 22
23 44
23 37
25 42
25 36
27 47
27 29
27 38
29 49
29 39
36 41
36 42
37 44
37 41
38 41
38 47
39 41
39 49
71 73
16 18
16 17
16 22
22 23
22 24
24 25
26 27
26 28
28 29
70 71
