11 53
11 69
11 82
28 53
28 69
28 82
17 53
17 82
18 53
18 69
19 53
19 82
20 53
20 69
20 82
21 53
21 69
21 82
22 53
22 69
23 53
23 82
24 53
24 69
24 82
25 53
25 69
47 80
47 53
47 77
47 82
49 80
49 53
49 77
49 82
80 81
90 96
90 120
90 95
1 28
1 48
126 131
6 11
6 8
8 17
8 11
8 10
8 18
8 25
8 24
8 47
8 19
8 23
8 45
8 20
8 21
8 46
8 22
10 17
10 25
10 45
10 18
10 11
10 24
10 19
10 20
10 21
10 23
10 22
45 47
45 46
46 47
46 48
48 49
86 90
86 87
87 90
97 128
3 8
3 10
3 6
4 10
4 6
120 126
74 86
78 86
81 86
83 86
96 97
69 74
77 78
82 83
95 96
