21 26
21 37
21 39
21 106
26 37
26 39
26 106
31 37
31 39
31 106
37 39
37 122
37 120
92 188
92 99
114 116
115 116
116 190
18 37
18 20
18 27
18 30
18 39
18 24
7 116
7 20
7 188
7 18
7 24
7 30
7 39
87 92
88 92
90 92
91 92
94 116
94 188
94 120
103 115
104 114
20 21
24 26
24 27
24 30
24 39
112 114
113 115
188 190
27 116
27 37
27 188
27 94
27 30
27 39
30 31
124 133
124 135
125 128
125 127
5 20
5 30
5 6
5 39
6 7
6 8
8 18
8 17
17 18
39 94
75 88
75 90
75 87
84 91
84 87
84 88
100 104
100 103
111 112
111 113
118 125
118 120
122 124
70 75
79 84
99 100
109 111
120 122
108 109
106 108
