98 150
98 153
98 155
98 149
98 158
98 157
98 126
153 155
153 159
155 159
155 157
157 159
157 158
158 159
159 180
159 181
180 184
181 187
183 184
186 187
47 100
47 53
47 57
47 61
47 74
47 82
47 87
47 68
47 85
47 81
47 49
47 73
47 67
47 58
47 62
47 50
47 54
177 186
173 183
96 98
97 98
126 132
128 132
131 132
164 173
164 170
164 168
168 173
168 171
170 173
170 171
171 173
5 47
5 29
5 19
5 30
5 11
5 34
5 32
5 33
5 13
5 10
5 7
5 6
91 97
92 96
12 47
13 47
13 29
19 47
19 43
19 29
30 47
30 32
30 33
34 47
34 43
43 47
3 5
3 4
4 5
50 91
54 92
58 91
58 67
62 92
68 91
74 92
82 91
87 92
10 12
10 13
10 11
11 30
11 29
29 30
32 34
33 34
6 10
7 10
49 50
53 54
57 58
61 62
67 68
73 74
81 82
85 87
56 57
56 61
66 73
66 67
80 85
80 81
