19 25
19 37
19 40
19 179
19 191
25 37
25 40
31 37
31 40
37 40
37 179
134 169
134 139
180 195
181 186
197 201
197 200
200 201
9 25
9 30
9 11
9 40
9 37
9 165
9 163
9 171
9 169
9 15
9 158
30 31
161 181
161 165
162 180
162 163
163 180
165 179
165 181
169 171
65 134
188 192
188 191
191 192
126 134
132 134
133 134
12 19
12 15
15 25
15 37
15 136
15 40
15 158
2 30
2 11
2 40
2 158
2 3
4 9
4 30
4 11
4 40
4 158
5 9
5 8
8 9
54 133
136 165
136 169
136 163
136 158
51 132
51 54
52 132
52 54
150 161
150 162
159 162
160 161
187 188
196 197
196 200
11 12
3 5
3 4
40 52
40 43
40 54
40 136
46 51
46 50
50 52
50 54
50 51
141 150
142 150
146 150
148 150
158 159
158 160
186 187
195 196
44 46
140 142
140 141
145 146
145 148
43 44
139 140
144 145
