62 91
62 138
62 171
62 169
62 209
91 159
138 185
138 139
138 149
148 149
169 170
171 172
173 217
173 208
173 179
173 343
173 197
173 350
173 209
173 218
173 215
173 227
173 219
173 239
173 235
173 237
173 230
173 216
179 185
179 348
179 210
179 206
179 194
179 259
194 256
194 348
194 210
194 206
194 351
194 259
197 217
197 208
197 343
197 199
197 350
197 209
197 218
197 215
197 227
197 219
197 239
197 235
197 237
197 262
197 230
197 216
229 217
229 208
229 343
229 199
229 350
229 209
229 218
229 215
229 227
229 219
229 239
229 235
229 237
229 262
229 230
229 216
206 256
206 351
206 259
208 350
208 239
209 235
210 348
215 227
215 236
215 237
217 219
218 219
218 239
238 242
238 239
238 343
242 247
242 259
247 259
256 351
259 351
268 281
268 274
268 338
268 340
268 339
268 341
268 337
274 337
274 277
281 335
281 304
281 308
281 330
281 296
281 327
281 300
281 303
281 325
281 336
281 317
281 305
281 302
281 316
296 335
296 304
296 308
296 330
296 327
296 303
296 325
296 336
296 317
296 305
296 302
296 316
300 338
300 340
300 339
300 341
300 337
302 336
303 335
303 330
304 325
304 317
304 316
305 317
305 316
308 327
337 338
338 339
339 340
340 341
1 62
1 48
1 50
1 46
1 13
1 7
1 45
1 49
1 44
1 43
1 3
1 6
1 42
47 62
47 48
47 50
47 46
47 13
47 7
47 45
47 49
47 44
47 43
47 3
47 6
47 42
47 15
47 14
47 138
47 109
3 62
3 48
3 50
3 46
3 13
3 7
3 45
3 49
3 47
3 5
3 44
3 43
42 62
42 48
42 50
42 46
42 13
42 7
42 45
42 49
42 47
42 5
42 44
42 43
5 62
5 138
5 48
5 15
5 50
5 46
5 13
5 45
5 49
5 44
5 14
5 6
5 109
43 62
43 138
43 48
43 15
43 50
43 46
43 13
43 45
43 49
43 44
43 14
43 6
43 109
6 62
6 48
6 50
6 46
6 13
6 16
6 45
6 49
6 47
44 62
44 48
44 50
44 46
44 13
44 16
44 45
44 49
44 47
7 62
7 48
7 15
7 50
7 49
7 14
13 62
13 48
13 15
13 50
13 49
13 14
45 62
45 48
45 15
45 50
45 49
45 14
46 62
46 48
46 15
46 50
46 49
46 14
266 268
14 62
14 50
14 16
14 49
48 62
48 50
48 16
48 49
15 62
15 50
15 16
49 62
49 50
49 16
16 62
50 62
316 317
137 173
137 138
137 154
153 173
153 138
153 154
139 173
149 173
149 153
154 173
154 153
159 169
170 171
170 173
172 173
219 238
219 237
227 229
227 238
227 235
231 229
231 238
231 235
233 229
233 238
233 235
236 229
236 238
236 235
235 238
237 238
239 242
262 266
109 159
109 113
113 159
216 227
216 233
230 231
