6 71
6 18
6 170
6 8
6 19
8 71
8 18
8 19
8 9
18 71
18 206
18 159
18 19
18 107
18 170
71 107
71 148
71 109
71 150
71 110
71 139
71 149
71 152
71 112
107 170
107 109
107 141
109 173
109 170
109 141
110 170
110 175
110 112
110 141
112 170
112 179
112 141
139 170
139 177
139 141
141 142
141 173
142 173
142 175
142 188
142 186
142 184
142 177
142 179
148 211
148 159
148 149
149 216
149 159
150 221
150 159
152 159
152 225
159 160
160 206
160 225
160 216
170 184
170 189
170 199
173 184
173 198
173 188
175 184
175 197
175 186
177 184
177 196
177 185
179 184
179 195
184 195
184 185
185 186
185 196
186 197
186 188
188 198
189 199
195 204
196 203
197 202
198 201
199 200
206 210
206 209
209 210
210 214
210 237
211 214
211 215
214 215
215 236
215 219
216 219
216 220
219 220
220 235
220 223
221 224
221 223
223 224
224 227
224 234
225 227
225 228
227 228
228 231
2 18
2 6
2 4
3 18
3 8
3 4
3 9
3 10
4 6
9 71
9 18
9 19
9 10
10 71
10 18
10 19
19 71
